3392 58
701 701
337 15
7332 0
3516 169
3022 97
2569 476
2985 3
2407 2
1464 239
1458 254
1075 15
3133 1366
1585 18
1503 204
1869 1050
7571 7520
3278 82
351 3
2782 1
3149 1
2422 15
2837 1
110 11
556 221
3122 10
2028 28
1495 7
2882 410
621 11
2320 599
12 11
1011 39
1728 18
2483 63
176 9
3187 36
1365 218
7472 0
2191 9
2675 79
1121 303
2803 18
2404 2
2789 803
1120 169
83 11
631 117
2508 18
2373 3337
2309 11
2109 1
906 15
430 430
1372 247
528 136
3435 15
7370 0
7534 0
475 97
1478 9
1683 275
655 16
858 169
1239 4
7585 36
2157 410
3273 11
3094 143
3078 1
1168 13
3287 2286
784 39
2489 2
130 28
3203 3
593 11
1791 71
288 11
1221 491
1461 1461
7596 16
2652 201
454 11
3151 11
1917 16
2149 1
1797 10
303 303
7087 7087
3141 1
3336 5
1176 1366
951 1
421 147
260 11
2241 69
312 2
1557 178
2740 4
3774 3774
1472 39
2910 10
7425 0
3159 11
1044 10
3061 13
3316 1
999 169
1027 410
1768 7
682 682
3446 15
2058 359
1300 11
2319 123
1216 23
909 356
1093 23
281 15
1190 58
3441 15
869 11
2356 21
1393 1902
955 11
7441 0
2938 410
3380 11
1648 18
1366 1366
257 11
3365 6
3359 11
1210 169
1784 7
3259 1
2530 79
604 604
620 617
1952 1
3179 11
630 18
2511 4
574 169
2678 79
1562 11
840 4
3009 5
1605 18
646 11
1401 2
2601 2
1590 15
811 7517
1447 45
1654 730
1422 23
765 118
2905 143
2070 39
7567 0
1992 155
1604 179
2800 11
2796 11
1489 11
1548 3
2330 11
3131 11
48 11
2983 194
2439 4
758 144
7350 0
199 3
358 2
810 97
2716 1
2275 13
1423 102
877 11
1635 2
537 23
3280 11
2238 136
2013 48
7546 7546
1065 11
1149 11
2351 1
1288 1
812 13
3216 11
1844 11
393 7517
3421 1
2522 139
2436 15
923 448
737 11
391 11
766 15
2799 220
179 11
973 3
927 444
849 575
171 11
2348 11
2781 9
3297 11
1849 3
1947 16
2672 79
20 11
2644 18
7389 11
1802 3
2073 1461
446 445
773 23
2079 48
1851 705
748 97
1249 785
7557 0
2170 121
2734 48
1735 11
3010 1
7415 144
2636 169
255 11
2072 785
2376 116
2809 33
2972 30
3437 15
2895 551
2316 529
1169 177
49 11
3104 61
2519 10
1244 102
55 11
1417 11
662 119
934 11
739 11
2375 1
2253 247
2196 21
2655 21
2993 134
2875 204
1257 343
2852 11
3197 3197
7351 0
282 282
1408 23
625 2
2596 33
2558 10
1641 1240
1170 18
89 89
1084 2
7560 2409
5446 13
2143 11
1450 28
945 11
3095 6
69 11
2706 79
868 18
350 177
3103 1
1094 958
1933 11
7558 545
1140 11
385 11
2600 57
2021 444
302 11
33 11
3428 246
1453 11
991 23
700 124
673 673
3105 3
2873 39
234 2
323 313
1386 15
984 15
2476 11
2053 136
2022 28
584 569
2630 39
727 578
1238 441
3350 11
2556 16
233 15
3204 705
411 11
2622 78
2772 1
1211 23
2114 48
1155 11
2350 71
165 11
937 3
1740 11
468 425
613 11
632 11
476 476
7417 7483
206 206
3372 15
3357 11
1523 3
1002 7570
1431 1431
876 11
207 11
7518 252
2586 1
2323 178
1467 1250
2171 20
783 1
3170 648
2547 50
2393 459
2920 1
1444 240
1566 6
638 7
2497 2
3269 11
489 20
502 23
482 11
2444 1915
2790 11
157 11
565 23
3325 124
403 11
956 7
582 11
747 11
402 11
274 232
284 11
3337 3337
178 178
449 16
2394 11
294 1
7448 0
1416 23
1577 11
1414 23
3448 15
1260 240
708 11
7063 7063
893 136
1191 11
185 11
3356 4
7479 7479
5660 5660
2680 303
2002 4
1034 11
7470 0
75 11
2011 668
2625 89
2264 170
1698 1698
2619 1
2361 118
2502 45
1358 1
2038 11
3161 61
2148 117
1795 97
1718 4
2696 76
2046 76
247 247
1782 7
1500 11
1909 4
13 13
663 342
241 11
1430 2
2050 28
213 218
1549 431
521 11
7333 7333
2269 89
763 218
1328 21
848 23
1655 20
837 15
1538 1
1163 97
2566 181
136 11
2818 11
2103 2
514 440
461 11
2322 123
1924 2
547 547
1610 232
384 384
405 356
143 143
660 11
3400 11
2244 11
2962 1
1908 4
3113 1
1183 756
41 11
2454 4
2086 18
2303 46
2129 1
2286 2286
7435 2
1481 409
7400 2
413 247
7310 104
7380 59
1783 21
2923 7
652 374
7481 7481
2281 160
734 6
1019 2
1139 11
728 2615
7520 7520
3020 1
3152 11
398 11
219 11
2763 1
7361 0
1790 3
495 144
1436 240
313 313
1670 240
7548 7548
3390 15
1252 1252
97 11
2457 16
1726 733
2267 46
1289 11
2003 16
2810 1
1182 705
7505 7483
683 11
1693 577
340 340
2717 137
2990 177
2827 1
7371 7413
2892 1
1102 2
3189 1
2724 792
1008 612
2750 1
3407 15
1533 13
2414 11
1944 340
7509 102
1344 221
1571 6
612 612
1886 1
7434 21
2591 4
1938 7570
7528 6
2864 121
2485 4
322 215
792 792
376 11
2198 1
2413 374
2771 1
1373 134
610 2
791 131
3180 13
887 221
820 342
7547 7547
1509 1
125 11
227 6
757 11
2775 1
367 367
2372 11
3410 15
3315 1050
1640 16
3038 13
2933 117
2475 774
150 150
914 48
1531 46
711 16
7538 7538
3323 15
1205 15
7491 0
1587 3
895 128
2064 254
34 11
1024 762
5 11
774 774
2643 4
1207 374
7492 0
1161 11
266 11
1384 11
7388 957
2735 1716
1927 16
28 28
2128 11
746 11
557 11
221 221
2278 46
96 15
316 316
1662 153
1224 2
602 11
2745 11
2657 206
1848 13
1009 4
7341 1
2563 342
1049 46
1853 11
2292 3
2181 1
1897 15
1204 7163
431 431
1266 282
2189 304
2957 10
2379 36
2670 79
1649 2298
467 11
7490 0
3322 33
1012 57
3385 1
7396 7520
691 305
6736 6736
3142 1
1663 240
2100 239
1543 756
3169 155
2095 671
509 3
7487 0
781 11
639 11
990 16
859 11
2183 69
7198 7198
3031 112
6 11
894 11
5029 5029
7452 7452
3067 97
139 139
2225 692
3427 15
2115 4
1052 13
3213 115
645 645
2953 11
2715 682
2337 27
7512 3
520 177
900 15
2752 1
603 11
3237 221
2310 11
111 11
1528 2359
7577 3
1767 11
1125 28
1062 1062
3294 128
866 102
965 13
1926 2
1757 69
2828 803
2553 20
2536 668
838 15
1035 11
1409 2
3066 6
1032 11
1177 18
7428 11
3244 971
2017 4
2714 155
1029 11
22 11
1810 13
1097 23
1749 1
2199 117
1162 11
420 2
117 11
2210 117
1975 50
1816 3
1739 11
3381 15
2250 10
3000 1
899 63
377 399
3144 13
2219 1510
1800 18
123 11
2300 3
2855 121
1937 340
1916 2
3364 11
3001 38
865 390
1576 3
1359 3
3079 123
7541 7541
1287 7
7406 97
3258 80
3086 124
7407 0
1277 11
1820 3
3041 13
2975 218
1112 1112
2266 130
447 169
7409 7520
1066 459
1255 28
7584 6
7359 0
124 11
1179 97
2010 84
131 11
1338 3
1621 4
1955 1955
2421 434
7500 7482
1038 1511
62 11
2614 4
2743 1
1803 68
1280 33
2697 730
1792 21
970 10
2081 239
114 15
1985 566
31 11
129 23
3048 1
7397 204
486 410
7587 7587
309 1
7408 0
27 11
1103 239
3419 905
2583 324
2845 1
2386 5
2707 1
2295 3
1712 212
7527 123
95 11
980 11
1154 529
7569 2
164 15
3399 15
841 4
952 1
3188 229
1146 204
756 756
654 4
1196 87
1056 3
1903 15
1317 11
7464 0
819 525
2995 11
1823 754
2725 1
2944 16
1711 11
2651 11
2573 448
2712 1
192 15
2980 21
7564 240
1076 45
829 415
68 68
1375 11
867 477
2344 11
7526 42
2634 9
690 147
1337 11
2353 3
1063 3
674 674
3230 247
2545 150
2753 551
412 11
1684 3774
7416 1037
148 4
1741 11
611 239
7352 0
330 7
3301 1
1763 11
193 193
2770 9
2525 11
7471 0
1983 16
1514 491
1777 11
3123 61
2611 181
709 709
2400 11
2092 102
2965 11
2941 1
2688 79
2449 72
1895 15
7273 15
295 11
344 344
3202 1
7390 11
3028 11
2998 11
2653 132
2865 11
809 6
1330 189
3288 762
3266 431
2347 11
2272 68
1954 2359
718 4
3328 3
2245 2526
2065 1
357 357
1235 48
1879 15
2462 224
1400 23
3442 15
1074 15
1316 1
503 23
1965 169
285 38
7379 279
19 11
2338 1
1972 239
2259 2259
1594 15
1039 803
439 2
2762 72
1868 1050
3209 3165
564 23
801 11
2121 69
2490 100
2447 23
2931 117
7508 922
2954 16
3351 7
3222 6
1263 18
1294 547
2857 9
879 3
3162 204
364 374
2428 15
1858 246
1904 15
2156 11
3329 1
2629 404
962 11
1148 204
1599 15
1627 541
1811 1252
2142 7
1020 11
546 44
2597 2
2947 1
1113 11
2031 28
802 97
3013 1
1356 3
267 11
2224 170
2217 1
2258 177
1624 258
1759 13
680 39
1281 571
1877 1
2986 10
3132 3
3231 5
40 2
1387 15
1838 3165
1831 1368
392 11
1486 1486
331 11
2466 23
1475 1
830 11
67 11
1262 541
3420 11
2821 51
2401 1
7578 265
2572 28
7353 0
618 618
7461 7461
2494 441
7443 701
248 11
103 11
2550 45
2846 1
994 578
2364 115
2575 28
7419 20
2325 7481
1771 20
776 533
18 18
4721 1
2195 11
2380 11
501 4
269 15
390 11
831 430
1254 240
3343 82
651 13
1953 324
2415 15
1054 3
2014 2
2795 1
2925 80
522 11
2705 11
1780 97
1981 10
1309 7
1050 13
2074 11
7431 1
2650 11
7340 97
3211 1
2120 18
300 344
7530 6
2704 18
1463 150
1537 1188
1130 18
1037 1037
634 204
1267 1
1374 11
90 11
2699 155
1554 15
3345 11
151 218
7521 1194
1219 23
911 11
1160 39
325 325
1526 331
633 410
2524 76
643 11
1980 97
2355 178
1064 11
2469 11
1137 11
3296 34
2713 1
7418 123
6257 6257
1290 11
1152 11
463 30
2747 1
699 18
2592 612
2276 1
2429 15
2897 1761
6958 6958
2023 324
2936 11
7536 7517
939 11
3271 1870
2398 2268
5140 11
2506 45
2908 117
1808 2254
3429 15
1745 1293
2294 149
452 11
972 61
1425 3
3268 229
2970 30
1367 305
2433 499
491 11
84 2
2894 146
3033 2
2783 1
2496 129
1705 102
3403 11
3307 5
2580 84
7568 34
569 569
974 3
1833 3
2221 1037
860 18
967 11
2564 150
3261 238
946 11
3391 15
2122 33
1960 356
7445 11
73 11
2741 48
2769 733
2317 11
554 554
3304 11
3124 1
2555 426
3019 7
1724 1
380 11
1391 7599
6434 6434
1988 668
1839 3
555 11
3077 61
3317 1
1875 1
3439 15
2365 11
91 2
1922 16
1498 204
963 147
953 15
3416 82
3277 218
1714 9
2687 1
3383 15
3153 550
480 344
1686 1686
191 11
287 11
1511 1038
473 2
4910 7455
2903 3
2230 11
754 754
1939 11
7405 0
2822 150
1761 1761
7355 0
2420 15
540 4
296 11
1131 23
583 628
2719 11
2883 50
445 445
2363 206
1855 823
904 11
3398 15
1727 232
101 11
1329 1037
513 11
460 3
1180 97
7362 0
7489 0
2005 39
7454 0
3096 6
99 11
3003 97
1171 7
2516 239
1732 11
1298 21
1830 21
2243 13
1706 97
2044 342
1900 1
26 11
1570 971
1611 2
2036 78
6369 6369
7583 804
3221 3
3116 11
128 11
1188 599
7451 7452
3214 1873
2345 3
3409 15
2284 13
4311 477
2732 253
346 11
743 11
2009 254
932 11
750 97
2631 132
1966 181
142 11
7469 0
1403 23
735 48
2608 16
1734 11
535 339
3426 15
172 11
1181 21
3335 1
1902 1902
2378 34
1626 1435
3344 58
846 23
3444 15
684 11
1058 121
225 225
1067 247
1053 3
1616 11
3088 1
3182 28
126 15
2928 232
2542 342
2130 409
3314 7412
1283 11
2744 1
1072 149
88 11
7426 177
1347 92
681 11
707 11
3049 3
2988 97
2956 11
2527 137
1036 3
3102 46
1473 11
1534 13
1010 4
70 11
373 89
905 905
803 218
1460 303
2777 9
2738 11
7502 7502
1950 7413
1198 971
1151 7
741 11
3194 16
2637 18
246 246
235 11
7410 30
3083 1
1517 11
2955 11
3054 13
755 754
53 7599
2233 491
2343 645
301 80
1755 21
3181 3
2733 252
1433 668
2816 18
1070 15
1889 11
5679 123
3205 342
898 416
2610 39
3232 11
1542 6
3352 58
3249 550
162 11
1986 21
3097 915
599 599
1707 11
1442 18
2223 71
2443 23
426 426
3076 13
606 2
685 685
46 46
1910 16
653 246
1206 11
328 2
7524 16
2331 3
925 282
3369 144
1339 3
7335 15
2324 1
664 18
3027 1
2089 102
1819 13
1847 1
7503 82
2471 224
2589 283
768 4
1608 23
2755 253
2232 38
2094 137
1128 11
672 11
2971 218
2075 11
721 78
1318 117
2248 153
1396 15
7561 3774
118 11
6131 6131
2760 9
548 11
3047 13
1349 3
817 430
2812 11
897 15
7525 5
3011 7
1141 1141
1189 112
3233 1
935 11
2066 633
2603 478
419 16
8 11
7376 0
1677 612
2667 11
2889 7
98 15
220 18
259 3
455 18
2866 7
1679 181
2132 7517
671 671
1769 204
1142 1141
2024 4
1822 1
996 4
2133 11
2727 9
173 11
2666 1698
1555 3
7 11
2974 23
42 11
469 2
1997 11
1733 18
2872 11
261 218
2450 2
1946 119
7545 0
2544 11
944 11
982 5
198 11
378 374
1873 1873
1377 144
1814 178
2084 1462
262 11
1699 2
2150 11
1519 1
3360 82
3220 115
1696 16
764 11
2358 21
2037 511
1959 7599
56 11
7334 7599
2867 204
2676 239
2222 100
1991 343
3039 13
279 11
1488 117
3402 1
2212 7517
3397 15
1994 354
907 15
7462 0
591 11
273 97
3154 3
81 11
665 239
2008 7570
404 45
2159 11
796 11
1657 668
1455 28
2279 46
3242 247
417 11
1762 33
2991 80
989 23
2805 117
2342 1
1003 169
307 246
2061 359
670 16
7411 11
7559 0
3012 11
1237 240
3334 1
3239 747
1864 1
1086 23
74 18
2288 13
2686 11
2917 204
1668 169
2231 176
527 527
2016 39
3362 15
650 11
108 39
343 343
1925 16
1888 144
226 20
3371 15
7465 0
1967 4
2582 10
789 628
1901 1
3172 1
1583 1
1395 6
1687 23
7474 0
1647 50
1001 11
3110 11
2617 359
2306 3
577 577
370 7
2161 38
2446 2
2059 359
761 15
1081 23
7604 7599
2491 129
3021 839
2452 2
2960 11
7522 338
433 5
7574 0
2197 221
2123 153
7597 7597
2056 359
335 11
886 3
7363 7363
2482 2
2844 1
2939 146
2602 28
1234 119
2902 11
1968 169
3063 46
1932 50
1501 21
1452 1452
324 324
2690 18
3145 7
1047 80
318 11
170 27
2112 39
1880 87
2256 30
1685 150
2853 38
7354 0
926 169
1491 1
541 541
228 11
2664 28
2460 4
1186 1
2911 117
2308 3
874 10
7539 0
1850 134
329 11
3125 97
1529 13
1095 2
1209 2
1311 33
145 11
2067 1625
2315 1
1340 136
888 1
290 11
2246 11
1382 11
1368 11
740 9
534 4
2797 11
782 357
2370 5
371 11
7391 11
1540 218
2438 23
1303 316
1354 13
853 155
7161 15
2963 97
2387 116
3186 61
1867 1
3196 61
1346 7
775 441
1977 2
1860 1
2169 69
2691 48
2509 139
3026 1
208 11
3299 34
315 11
2681 11
2922 7
2367 1
1092 23
444 444
1715 1
875 11
1974 50
2977 11
2168 146
3374 15
7349 0
7544 7544
1057 6
352 15
1619 84
2030 440
847 23
726 726
47 11
1809 97
2754 1
568 11
507 507
918 343
2077 16
1754 33
2628 89
2784 1
1978 2
1247 102
1017 18
36 11
1678 4
2488 2
272 11
2517 239
1275 936
2140 2
7342 0
2158 957
2336 15
2204 10
510 181
2788 11
5392 7
201 201
7516 244
1837 3337
3111 1
2537 11
1638 78
3436 15
2102 1
3480 3480
1153 7
3173 1
2033 344
1432 20
45 11
720 11
254 254
7517 7517
2104 507
1045 7595
1629 7413
3306 87
576 576
7384 0
7378 7483
2669 275
3305 6
692 692
7399 0
7348 0
1335 2254
657 2
2160 18
1214 2
3412 11
7343 0
2441 23
1893 3
3342 11
7444 6
1656 102
2182 204
3060 13
656 23
1588 762
1226 2
2107 18
2982 10
2335 342
1200 11
1565 488
1272 15
2261 1
3353 15
7480 0
2585 28
619 129
2307 7
7566 11
889 7599
2825 11
1607 2
2297 68
2177 1
2184 11
2880 50
804 11
832 15
2287 196
1109 4
2839 2
2151 38
3401 15
2574 153
2213 97
526 11
1229 252
3247 1
3168 3
5342 11
1919 2
2824 11
474 474
163 11
2499 2
713 23
7511 119
365 316
119 119
7368 0
2185 1
1861 11
1357 11
917 4
1480 18
2251 145
3388 1389
440 23
1291 516
839 3021
954 38
7519 240
190 7599
2761 72
992 2
749 23
2087 20
1671 7564
3327 3
2552 18
432 1
916 11
1506 11
1568 11
1424 10
1114 11
2874 69
861 431
3069 89
2539 11
116 11
1961 170
2228 18
2314 2
1805 46
2406 7481
7404 0
644 525
3324 415
3260 3
1385 15
1085 23
3130 61
2659 23
102 102
2453 63
4017 5660
1836 11
2274 11
7501 100
2561 11
297 1915
3074 123
2205 7517
3139 1
2289 15
3219 80
1804 1
1646 102
2802 11
605 15
549 11
1596 15
1639 539
790 726
3167 1
2432 104
983 11
3363 1
7360 0
483 11
3250 971
7312 15
597 13
180 374
1100 324
1394 13
1892 218
1794 2
1319 11
3070 1
3160 645
1799 1
1874 11
818 3
308 11
1516 11
181 181
2202 1134
2746 1
1208 15
562 4
7586 124
1026 957
3425 15
2039 575
7424 2
1364 68
2048 444
2900 11
1301 20
268 11
4888 4888
3040 124
2392 3337
137 11
3289 11
2658 440
2726 38
2768 11
2948 11
1143 11
3430 15
563 129
3248 11
1713 2
2461 1452
2076 239
2930 16
1392 1
1018 20
2673 15
488 488
678 303
1582 58
2594 11
245 11
2811 1
2254 2254
3318 87
2946 97
1236 283
310 11
3370 13
7588 100
2613 730
1445 4
7482 7482
3068 1
1483 1
338 338
1825 97
2718 46
496 545
2455 11
1178 7
706 11
1931 324
497 7
25 11
2698 2
200 2
2097 18
1402 2
218 218
1560 3
1743 39
1129 1
1593 15
1123 671
2113 1
2838 121
2302 115
1881 1
418 307
1866 68
1789 11
253 11
2999 1
3290 1
61 61
7414 7520
1265 448
3373 11
356 356
127 46
1042 20
1282 11
719 78
379 2
3447 15
2534 131
3279 1
590 590
1934 324
2090 1
696 21
2888 51
2711 23
1513 11
7575 3
998 23
1016 11
3119 13
2110 4
2193 258
2296 1
16 16
2108 1
3072 13
2480 2
2514 139
154 11
168 2
7328 731
2618 181
1333 9
1310 7
7383 0
1996 224
7338 0
1824 3
1948 50
1448 18
1073 374
1521 1078
745 71
2779 1
270 11
2125 11
3032 46
425 425
216 11
1617 212
1704 1704
3235 11
2529 529
345 30
2006 2
7529 331
694 11
237 11
1390 15
7386 2336
2465 4
977 9
2146 796
1669 97
2167 1
2216 11
243 18
6667 6667
2409 11
1697 21
1676 252
3004 1
3081 61
1420 11
1327 33
7601 7599
1376 372
2532 236
589 11
78 11
1752 11
2692 1704
1890 34
3024 68
2968 33
1370 11
1940 324
1334 225
7515 7515
3109 221
531 4
2638 11
2119 1
571 571
388 325
2305 1
1470 39
3185 11
524 112
532 2
2214 3
1553 971
2671 126
1999 1658
3075 13
3166 27
1004 84
508 339
196 11
2647 11
30 11
1465 153
2804 11
492 3
2062 359
1598 15
1675 343
7473 0
542 11
2633 15
1088 23
2535 239
1482 1
1440 253
2567 476
834 604
1510 146
2879 11
1059 11
2025 283
3014 10
769 2
1508 11
2200 18
2756 1
3175 206
1355 1
7398 3337
3298 1
1962 239
1499 7
336 11
6157 6157
1863 11
3034 747
1231 23
3431 15
1929 2
51 11
3053 18
1122 254
659 13
372 144
3005 9
462 11
1457 940
616 612
863 79
2890 7517
1876 128
2515 139
2817 11
1862 13
3176 6
627 11
3082 21
2153 69
7599 7599
3241 13
3319 1
1383 58
1379 11
545 11
3404 15
1031 11
797 409
7439 169
2656 18
7466 7466
7163 7163
3206 5
396 11
1788 11
1412 23
538 726
2685 76
2057 359
2260 1
1778 11
7395 7520
471 119
2861 69
2904 1
1485 11
2220 11
7446 21
3108 38
5837 5837
1273 628
7475 0
7450 0
1689 18
1259 18
2032 343
443 11
217 11
1708 1
1680 342
1532 13
153 11
7595 123
3326 144
1834 3
1307 11
1071 416
2042 11
3127 3
1709 11
1079 23
317 7
7394 254
348 11
2994 11
2739 78
63 11
883 11
1586 136
86 15
381 2
1285 1
1620 18
1454 283
7460 0
3361 58
2068 79
2924 97
2201 4
2176 1
7468 7468
2919 2
1845 1
2332 3
54 2
1326 21
2131 1479
2354 206
1998 2
1427 16
2896 11
1567 27
677 313
7458 0
2937 474
697 13
3424 15
1028 1
3311 5
2468 4
1278 434
2139 11
617 617
2626 76
712 194
7447 762
465 374
1225 23
7537 0
2215 97
2411 7087
1631 1486
1958 239
1918 4
1989 730
2501 441
3128 11
816 97
2951 11
7486 0
289 11
733 11
3310 38
833 709
3091 15
2850 69
29 11
7347 0
2 11
1758 69
2620 254
1363 3
1872 5
3355 1
2661 2
3423 15
1215 23
2767 1
3270 59
873 102
1212 1915
1930 16
6878 590
2906 38
1051 11
698 374
3089 13
1536 3
368 367
3071 21
135 11
881 46
2512 2
2595 18
1595 11
3263 459
1304 1304
457 68
1911 23
3148 1
2426 15
2207 204
1415 4
1 1
752 3
826 5
6786 6786
2766 18
498 15
3117 97
2382 59
2720 100
3332 1
2190 10
2565 16
533 533
1606 1
3346 11
399 399
987 23
244 97
490 11
2833 30
2333 5
1688 129
229 247
806 38
3101 1
2357 11
2007 33
7412 7412
2085 1269
363 399
1645 239
2776 11
209 11
3354 11
1116 240
2543 575
3234 11
100 11
3255 112
1898 464
947 38
133 11
3368 36
505 2
407 6014
3236 5
751 11
1666 45
7327 4
3333 178
2721 682
1108 4
1717 48
798 204
2835 409
7523 338
2391 1
1080 23
2152 1
2257 16
251 2
1581 894
3414 1
6123 6123
327 344
2646 356
2389 11
1193 144
1644 11
778 778
2605 1
1156 11
1628 38
1601 2
1722 212
7485 0
7453 0
1250 1250
2749 79
890 3
2909 1
7494 0
6336 6336
2942 1
1321 491
52 11
642 97
1201 11
891 3
2869 7
4934 1
635 410
1126 930
2312 15
2383 1
2851 11
2587 343
1150 10
578 578
559 374
2327 123
753 27
2099 11
1885 1
770 23
560 374
1703 18
1563 11
85 11
2417 15
862 7564
1405 850
2639 153
3208 3
3052 7
3347 72
2593 23
2976 11
1292 39
2117 1
215 215
823 206
58 11
397 11
3100 30
1426 16
1228 23
607 23
845 23
1136 1
450 84
3099 68
1490 82
7420 59
1882 11
109 16
2472 224
464 464
573 11
7421 116
1471 357
2684 121
2493 48
64 15
1857 247
1957 339
3212 131
2878 33
7476 7476
2427 1
2831 7
3283 1
2179 170
10 11
7356 0
543 253
7592 7592
2458 16
2424 7599
1832 3
1351 11
2368 1
732 169
3055 11
2187 390
1539 147
624 356
2396 11
2949 7517
3165 645
913 1141
1694 2
975 11
1264 4
2069 254
2174 204
7602 7599
1398 4
3375 1
941 11
140 11
2859 4
3445 15
7403 2
2881 1
2440 2
169 169
1736 11
3184 18
1742 1
236 236
326 39
566 507
2832 409
762 762
1770 142
1507 21
2504 1232
2035 324
1089 23
976 11
596 11
2814 1
82 11
2615 728
1984 566
3118 1
787 2
1637 16
72 11
2096 254
1476 72
1172 46
1817 13
2649 667
1324 11
3207 525
7495 0
7440 731
1744 39
3126 61
1951 39
515 426
3217 61
1773 11
1731 11
2916 11
7329 0
160 1
3341 1
2437 104
2410 1
969 3
3389 11
3193 1
80 11
1135 18
1609 23
3240 15
1187 3199
1564 18
3418 1
334 11
3035 2254
500 23
1369 38
1015 313
1920 48
2271 1
188 11
263 84
1764 2
1806 97
722 193
1308 7
427 112
3046 13
1600 4
2604 28
824 15
552 11
23 23
2045 440
1787 11
961 11
2674 1269
2521 119
485 11
2794 1
1535 11
855 343
788 344
1545 3
1101 2
882 97
2194 11
648 648
2118 18
341 1452
2435 15
3192 6
44 11
1462 1462
7589 84
3157 106
960 11
1451 18
1435 1435
1242 11
3017 179
7402 340
435 5
7488 0
2858 1
3395 15
2235 153
7449 7449
2660 1
7581 6
2959 38
7459 0
2052 283
1248 1
453 453
92 3
3138 123
7531 5
2577 38
2463 340
43 11
2870 1
2124 9
523 11
3377 15
2929 7517
3174 46
2352 1
2034 11
2860 21
424 11
353 2
7467 0
2842 39
406 78
382 4
1518 11
1912 474
2590 11
2240 11
1299 9
7582 23
2166 1
2806 1
1159 11
938 11
175 11
1993 11
1504 11
3195 1050
1342 1
551 551
2175 39
2063 671
3274 1
238 11
1270 4
15 15
7374 1462
1348 3
7375 201
2390 34
3291 5
134 134
2262 68
210 11
7429 5389
666 11
2997 4
852 539
3045 13
280 11
880 595
389 11
738 11
2492 4
704 58
2840 38
7551 6
516 516
658 2
1184 11
2969 71
1099 39
1753 204
2915 11
7497 0
626 11
224 224
693 316
1404 11
2285 3
1527 170
3417 7599
2807 38
1479 1479
2473 11
580 11
2557 2
2820 1
2774 11
1107 4
3386 158
7438 2
2950 16
3411 58
1979 2
2434 104
2526 137
1971 169
2785 11
2648 45
2290 3
1043 1
7594 6
2055 359
1573 1
1827 46
2562 239
714 238
7506 7483
7553 136
3262 144
854 9
1098 2
579 576
2899 1
2282 1
2371 372
2206 2445
484 11
2927 1
1048 11
742 410
38 11
2891 2
1434 102
669 11
2304 97
3062 1
2105 33
2043 89
1852 146
271 119
844 23
2863 69
1623 50
1165 97
7430 6
7339 0
2554 240
2341 11
1341 11
2340 16
1883 1883
3276 15
1284 50
7369 15
2445 16
2082 476
723 618
561 11
995 11
2868 4
2263 3
1443 2
1636 4
35 15
2830 1
481 628
2679 97
7552 2
1544 1
7377 3
1397 246
2362 116
2012 778
3147 11
1493 1
1362 3
3090 550
182 11
1796 1
2408 3337
1558 3
7321 15
1256 102
7554 97
2886 11
7510 136
354 240
649 11
1320 11
152 11
1976 2
2381 7
966 11
1659 4
912 50
57 18
1296 316
1760 204
7413 7413
1681 240
2054 2
1293 1293
2841 38
1087 4
17 11
896 3
1552 431
2418 11
2268 13
7346 0
1173 11
1941 2037
2901 474
2249 1
37 2
2576 18
959 18
7385 1902
2987 7
1725 9
7365 0
1407 16
2682 11
920 342
203 11
1835 1
2334 1
7364 0
298 23
795 529
3146 89
668 169
2813 11
3226 58
2229 11
1614 23
3245 1
478 478
472 2
3396 11
1923 1
1115 1115
434 434
981 59
230 374
2481 84
1842 11
1005 102
2934 146
805 301
3129 6
1580 1
451 11
1572 6369
3382 15
1865 11
256 11
299 45
7603 803
189 11
2996 1
161 10
777 4
1591 46
725 102
1826 551
1230 4
679 384
3438 15
2203 204
676 612
3227 6
933 11
1891 15
2141 254
588 11
1197 30
815 11
570 11
147 147
1217 23
6644 6644
3018 11
715 2
499 499
1969 1072
1245 169
442 16
1667 575
1871 21
3999 3999
2623 89
919 282
924 11
416 416
1421 1
910 23
2792 11
2360 68
2958 97
1651 169
2299 21
1658 1658
2049 240
550 10
1468 11
2060 359
7590 2259
2693 18
9 11
7532 338
2399 38
2914 38
1023 11
197 11
202 169
948 685
120 11
1781 2526
1312 204
144 144
731 731
2277 13
2786 1
71 71
3042 1
2966 1
375 15
687 11
1650 240
3043 21
1158 803
2710 18
598 80
2154 11
1652 2
107 11
7401 4
3050 13
1840 1
7373 668
1223 23
2621 1686
3331 971
2847 69
2377 11
2609 153
794 4
997 23
2559 1
544 11
1541 6
121 121
1622 1142
1615 4
1487 2
1719 18
1505 204
1077 11
3272 1050
1132 11
2921 11
2162 38
2964 2298
3023 1
553 550
3387 15
2898 1
3007 177
807 11
2239 11
184 11
204 204
835 15
7576 7520
1643 1232
7331 0
32 11
1524 3
1942 1
1982 45
506 201
1096 23
1633 850
525 525
760 760
2548 3
2932 33
2520 11
7504 958
3302 11
2722 682
2579 102
1854 68
1166 145
1406 23
3254 1
2495 23
1492 1313
2280 11
1603 2
1449 566
536 4
250 11
2984 38
1691 11
7493 0
3199 3199
1653 224
39 39
3405 4
7427 747
3008 529
1786 11
76 76
3376 15
2459 2
2510 139
1222 16
252 252
1350 6
892 372
1418 23
793 793
872 18
1261 1
320 11
767 2
3432 15
529 529
3415 11
2505 239
1575 247
1439 169
339 339
1660 476
2627 224
1336 1
2080 87
1846 1
729 11
2236 142
2218 7
836 11
7463 0
3057 1
466 4
2442 4
212 212
2273 1
608 608
349 71
167 23
695 11
2144 1
1175 3
2047 344
759 21
1748 69
2632 1
7483 7483
2227 1
1721 9
158 11
3379 15
2349 305
901 11
2694 79
2270 46
1914 566
2848 1
2668 367
856 575
7533 7533
3087 3
194 194
2000 16
1843 1
2313 38
277 11
3312 11
3393 15
2665 2
885 97
2265 124
2843 11
2448 1
2912 11
1091 16
2683 79
383 50
2798 11
667 667
2730 57
921 608
2538 11
703 97
319 11
688 957
1145 39
800 71
2578 2
415 545
2849 204
2568 11
2329 97
3285 116
3136 123
2862 121
394 11
1772 10
5415 5415
2584 11
2645 155
1411 23
3321 128
3215 1
3238 177
1456 3
622 11
2155 87
1695 628
2412 118
878 7
1297 11
7600 7599
2242 136
922 922
3394 528
1014 444
106 11
2369 34
264 11
347 3
2321 3
1665 2
1286 16
6290 6290
2237 2905
587 11
2981 7
2470 44
2523 11
2111 20
2403 58
408 11
3056 13
2423 13
2773 11
258 11
2973 177
1550 10
286 27
1779 11
2549 28
3292 1
1818 3
1899 11
1812 178
785 785
1928 444
2178 1
2884 204
772 23
1380 2
493 525
477 477
3150 61
7432 3
1828 68
2135 21
2723 79
2701 132
1672 240
1469 2
3253 1
1522 1
1240 1240
3106 80
2731 1
1138 11
3210 1
3140 1368
2083 623
786 282
187 11
2943 11
3064 1
1144 143
1949 7413
1632 2
530 225
2431 104
183 45
3264 11
1253 778
2823 1
1913 4
7126 7126
1497 11
3006 1
3163 1
2419 11
3155 6
2836 793
355 2
3143 1
3451 15
2989 1
311 16
3313 1
2700 1
3251 115
512 16
414 325
1389 1389
66 11
1069 6
3065 46
1078 1078
1990 102
156 11
7230 7230
1477 940
438 11
3284 11
1579 36
1963 18
942 18
7535 7483
850 850
305 11
3366 11
2164 409
1829 11
1361 3
1419 23
2736 253
7437 1915
2978 194
1041 106
3252 550
2654 79
724 282
870 11
11 11
1738 11
3225 69
211 11
1584 527
1388 1902
459 11
986 169
1446 612
2456 11
2134 11
2641 792
494 1
7514 1062
1664 16
1315 793
3309 5
332 124
242 11
636 636
3030 1
7496 0
2029 28
629 33
1030 11
186 374
1905 15
3228 6336
1613 23
1127 2
1887 1
1661 1431
3107 27
1118 254
3282 128
985 464
1935 16
59 11
359 359
1110 4
814 68
1884 87
1332 153
2298 3
3257 144
908 23
2571 39
7381 0
2405 4
458 525
2385 11
2138 409
1785 11
1750 1
1033 177
1061 3
2757 940
278 11
1630 16
821 3
1119 275
2624 11
2326 6
615 240
1815 3
3093 61
1413 1
1515 97
2935 97
628 628
1730 11
623 11
2640 155
1438 240
456 2254
586 11
2695 1
7188 7188
1936 2
736 194
366 11
1246 240
387 303
3265 3265
1202 15
3134 1
50 11
2541 45
3098 61
1325 11
2026 541
1751 11
1410 23
2467 4
3158 6
1232 1232
79 11
1345 13
2101 100
3449 15
2663 39
3016 97
3191 30
1856 1
1192 11
222 11
2078 11
1055 430
5533 7517
647 11
1559 705
7433 206
2793 1
360 11
239 239
1574 1
21 11
2518 139
3408 11
2416 15
3320 545
1474 239
1894 15
2635 2
3183 2268
2703 11
592 11
3201 431
594 1
1295 11
470 23
813 11
2211 7
2359 979
958 204
2172 803
585 11
487 11
3177 7
915 915
1589 58
744 11
4 4
3275 3
717 23
3112 6
2513 239
1313 1313
437 2
2787 10
7330 0
1106 45
2952 1
1068 5
1496 1
851 11
3190 246
7392 38
423 4
1547 3
1013 674
1274 61
2918 11
1022 10
822 11
1729 44
24 11
1466 936
2662 1686
7580 39
2291 3
2709 4
949 11
3178 46
2328 3
3200 3
195 254
1690 254
968 71
2528 78
640 7
1213 23
1276 33
2642 239
1429 44
2071 541
572 30
3450 15
7579 1
2397 3
7484 7483
3367 1
2395 5
2186 204
1520 1
401 23
1702 4
3121 68
265 11
902 15
2612 303
7457 7457
3246 11
7387 33
1381 36
2885 304
2004 202
2677 48
3224 11
1134 1134
1765 97
3413 399
857 169
395 89
3358 762
2041 4
7357 0
3433 15
7422 7422
3243 550
1195 1
1801 46
2808 1
1700 126
275 275
362 11
7570 1452
1987 324
1279 48
1322 10
1956 1955
369 11
374 374
3443 15
2192 7
2531 2
113 2
2791 11
2992 9
1007 448
7507 1883
686 11
2588 48
936 936
581 150
2366 61
1220 23
2819 9
7393 1386
3339 1
1642 39
2876 1
978 760
1821 3
3135 10
539 539
276 221
174 11
333 3
843 23
3059 1
7367 0
1612 97
3229 6
928 11
2283 13
149 11
827 100
3164 30
950 453
2893 11
993 16
3114 196
1592 118
7423 239
2478 23
702 3
2728 792
2040 575
7337 7337
518 11
3198 3
730 20
1995 4
5389 5389
1227 23
6921 104
7543 0
2311 3
1896 11
4057 11
1747 204
1428 78
7455 7455
7565 7517
2854 11
94 15
1756 50
3384 11
3051 13
2484 339
3044 38
1673 155
2088 33
7562 11
1512 673
7345 0
231 11
2209 7
1484 11
3281 11
138 6
6014 6014
1199 11
2940 2
7563 36
2801 1
940 38
2765 48
3330 1
1551 63
3440 15
2871 204
1674 28
3084 1
675 254
429 11
3085 61
2778 10
3029 68
1716 1716
1133 78
1813 178
1597 15
2877 21
1271 11
2751 4
1147 1
1618 2
931 3774
1921 23
7477 0
7591 136
2979 2254
2815 11
1878 87
504 23
7366 0
1578 11
825 229
104 15
1556 431
2163 1
7456 7456
575 575
2887 11
1970 409
871 2
929 313
2430 15
314 28
2020 1115
1174 16
2498 1
3037 13
1399 97
3058 673
3156 1
132 132
3303 46
2926 1
2388 11
3378 7
155 11
2474 4
3137 116
3115 147
1117 28
291 11
517 11
2829 1
2106 18
1314 11
7542 0
567 11
321 11
1352 97
2226 146
7499 682
436 4
2091 18
7442 11
2098 57
2581 313
1082 23
930 930
1945 340
601 11
1561 144
249 11
1000 3
342 342
2051 78
93 11
2598 169
771 23
2464 224
428 204
1859 11
1111 78
1723 803
2402 1
7382 0
2764 1
2247 18
1157 123
7372 48
2967 38
716 23
7513 7483
1305 11
2487 4
1682 169
1634 4
705 705
842 23
1090 44
293 2
223 11
361 11
2486 11
2834 316
3308 46
2856 11
2616 359
780 571
232 11
3293 11
1371 6
2252 1
2507 139
112 112
979 979
7549 0
2758 18
205 11
2913 636
1360 3
600 554
3171 11
2301 7
884 13
7478 0
2208 410
1218 16
1323 123
1807 68
971 3
2451 149
1243 4
1268 212
105 11
2116 48
1006 240
2551 28
7573 7573
661 4
2961 18
1233 71
3300 1
7598 7598
7498 1112
2127 1
1569 115
1185 6
3025 177
1194 5
2234 71
2145 803
1546 6
214 11
1943 23
386 48
159 11
1167 10
1776 136
1692 1115
3406 15
799 11
141 11
2318 80
964 1
2188 11
1746 11
1915 1915
2015 2
2136 1
710 4
1203 11
2780 1
14 11
60 11
595 595
87 11
1793 1
2479 9
1906 15
3223 11
864 254
1737 4
1251 343
1164 18
7540 21
2477 2
166 11
3348 58
903 7599
410 410
2702 117
3422 1
1798 1
1437 11
1710 1
2374 36
409 409
1775 7517
3 3
2346 3
7550 23
1378 11
2737 1
2500 16
3349 1
7572 0
3092 6
2570 224
558 15
519 1
1306 18
511 511
400 374
2180 21
2759 11
2560 478
2384 6
828 325
3434 15
6317 6317
2425 11
3295 1
2606 254
2599 282
609 4
2546 23
2173 1
3218 58
808 218
77 11
2019 23
65 11
2907 1
988 478
7593 7593
1331 11
304 11
7344 0
1302 69
306 11
1025 11
2339 430
2729 253
2689 23
292 11
2708 79
2533 342
1060 645
1441 240
3120 15
2137 18
689 39
1040 10
2742 1
3267 551
1602 4
1964 2
1907 499
3286 196
637 1
2093 1
122 11
1502 143
1046 177
2018 11
2147 1
2001 16
1269 1269
1625 1625
479 2
3256 1
2165 121
1343 128
1766 33
2126 2
1258 102
3015 46
2293 15
2503 225
1241 342
3073 13
7555 7555
2945 1
943 11
957 957
1774 11
1841 123
3080 30
240 76
1530 178
2540 1142
146 11
641 11
2826 1
448 448
1105 240
7436 762
7556 21
2027 212
422 23
2748 803
1083 139
115 11
441 441
6792 527
1353 1
1104 239
3036 13
614 577
7358 0
1870 1870
7336 3
3338 218
779 16
6166 6166
1525 1
177 97
283 283
1494 2
2255 20
1720 1
1124 390
1973 236
7325 15
3002 7
1701 668
2607 240
1021 212
1459 16
3340 545
