[1,1,[[2,1],[3,-1],[4,-1],[5,-1],[6,-1],[12,-1],[15,1],[16,1]]
[2,2,[[1,1],[3,-1],[5,-1],[6,-1],[9,-1],[10,-1],[15,1],[16,1]]
[3,3,[[1,-1],[2,-1],[4,1],[6,1],[7,1],[8,1]]
[4,4,[[1,-1],[3,1],[8,1]]
[5,5,[[1,-1],[2,-1],[7,1],[9,1],[14,1],[15,-1],[16,-1]]
[6,6,[[1,-1],[2,-1],[3,1],[7,1],[8,1],[9,-1],[11,1],[12,1],[13,-1],[16,-1]]
[7,7,[[3,1],[5,1],[6,1],[8,1],[11,1],[12,1],[13,1]]
[8,8,[[3,1],[4,1],[6,1],[7,1],[11,1],[12,1],[14,-1]]
[9,9,[[2,-1],[5,1],[6,-1],[10,1],[11,-1],[13,1],[15,-1]]
[10,10,[[2,-1],[9,1],[11,-1],[13,1],[15,-1]]
[11,11,[[6,1],[7,1],[8,1],[9,-1],[10,-1],[12,1],[13,-1],[15,-1],[16,-1]]
[12,12,[[1,-1],[6,1],[7,1],[8,1],[11,1],[14,-1],[15,-1],[16,-1]]
[13,13,[[6,-1],[7,1],[9,1],[10,1],[11,-1],[14,1],[15,-1],[16,-1]]
[14,14,[[5,1],[8,-1],[12,-1],[13,1],[16,-1]]
[15,15,[[1,1],[2,1],[5,-1],[9,-1],[10,-1],[11,-1],[12,-1],[13,-1],[16,1]]
[16,16,[[1,1],[2,1],[5,-1],[6,-1],[11,-1],[12,-1],[13,-1],[14,-1],[15,1]]