[1,0,[[2,1],[3,-1]]
[2,0,[[3,-1]]
[1,0,[[4,-1]]
[3,0,[[4,1]]
[1,0,[[5,-1]]
[2,0,[[5,-1]]
[1,0,[[6,-1]]
[2,0,[[6,-1]]
[3,0,[[6,1],[7,1]]
[5,0,[[7,1]]
[6,0,[[7,1]]
[3,0,[[8,1]]
[4,0,[[8,1]]
[6,0,[[8,1]]
[7,0,[[8,1]]
[2,0,[[9,-1]]
[5,0,[[9,1]]
[6,0,[[9,-1]]
[2,0,[[10,-1]]
[9,0,[[10,1]]
[6,0,[[11,1]]
[7,0,[[11,1]]
[8,0,[[11,1]]
[9,0,[[11,-1]]
[10,0,[[11,-1]]
[1,0,[[12,-1]]
[6,0,[[12,1]]
[7,0,[[12,1]]
[8,0,[[12,1]]
[11,0,[[12,1]]
[6,0,[[13,-1]]
[7,0,[[13,1]]
[9,0,[[13,1]]
[10,0,[[13,1]]
[11,0,[[13,-1]]
[5,0,[[14,1]]
[8,0,[[14,-1]]
[12,0,[[14,-1]]
[13,0,[[14,1]]
[1,0,[[15,1]]
[2,0,[[15,1]]
[5,0,[[15,-1]]
[9,0,[[15,-1]]
[10,0,[[15,-1]]
[11,0,[[15,-1]]
[12,0,[[15,-1]]
[13,0,[[15,-1]]
[1,0,[[16,1]]
[2,0,[[16,1]]
[5,0,[[16,-1]]
[6,0,[[16,-1]]
[11,0,[[16,-1]]
[12,0,[[16,-1]]
[13,0,[[16,-1]]
[14,0,[[16,-1]]
[15,0,[[16,1]]
[2,0,[[1,1]]
[3,0,[[1,-1],[2,-1]]
[4,0,[[1,-1],[3,1]]
[5,0,[[1,-1],[2,-1]]
[6,0,[[1,-1],[2,-1],[3,1]]
[7,0,[[3,1],[5,1],[6,1]]
[8,0,[[3,1],[4,1],[6,1],[7,1]]
[9,0,[[2,-1],[5,1],[6,-1]]
[10,0,[[2,-1],[9,1]]
[11,0,[[6,1],[7,1],[8,1],[9,-1],[10,-1]]
[12,0,[[1,-1],[6,1],[7,1],[8,1],[11,1]]
[13,0,[[6,-1],[7,1],[9,1],[10,1],[11,-1]]
[14,0,[[5,1],[8,-1],[12,-1],[13,1]]
[15,0,[[1,1],[2,1],[5,-1],[9,-1],[10,-1],[11,-1],[12,-1],[13,-1]]
[16,0,[[1,1],[2,1],[5,-1],[6,-1],[11,-1],[12,-1],[13,-1],[14,-1],[15,1]]