3392 11
701 701
337 15
7332 0
3516 4
3022 97
2569 476
2985 11
2407 11
1464 239
1458 11
1075 15
3133 1366
1585 18
1503 204
1869 1050
7571 7520
3278 11
351 11
2782 1
3149 1
2422 15
2837 1
110 11
556 221
3122 11
2028 28
1495 11
2882 11
621 11
2320 1188
12 11
1011 11
1728 18
2483 11
176 11
3187 11
1365 218
7472 0
2191 11
2675 11
1121 303
2803 18
2404 11
2789 357
1120 169
83 11
631 11
2508 18
2373 11
2309 11
2109 1
906 15
430 430
1372 11
528 11
3435 15
7370 0
7534 0
475 11
1478 11
1683 275
655 11
858 169
1239 11
7585 36
2157 410
3273 11
3094 11
3078 1
1168 13
3287 2286
784 11
2489 2
130 11
3203 11
593 11
1791 71
288 11
1221 11
1461 1461
7596 16
2652 201
454 11
3151 11
1917 11
2149 11
1797 11
303 303
7087 7087
3141 1
3336 11
1176 1366
951 11
421 147
260 11
2241 11
312 2
1557 178
2740 11
3774 3774
1472 39
2910 11
7425 0
3159 11
1044 11
3061 13
3316 1
999 11
1027 410
1768 11
682 682
3446 15
2058 359
1300 11
2319 123
1216 23
909 11
1093 23
281 15
1190 11
3441 15
869 11
2356 21
1393 1902
955 11
7441 0
2938 410
3380 11
1648 18
1366 1366
257 11
3365 11
3359 11
1210 169
1784 11
3259 1
2530 11
604 604
620 617
1952 1
3179 11
630 18
2511 11
574 11
2678 11
1562 11
840 11
3009 11
1605 18
646 11
1401 23
2601 11
1590 15
811 7517
1447 11
1654 730
1422 23
765 11
2905 11
2070 11
7567 0
1992 11
1604 11
2800 11
2796 11
1489 11
1548 97
2330 11
3131 11
48 11
2983 194
2439 11
758 495
7350 0
199 11
358 11
810 97
2716 1
2275 13
1423 102
877 11
1635 11
537 129
3280 11
2238 11
2013 48
7546 7546
1065 11
1149 11
2351 1
1288 11
812 13
3216 11
1844 11
393 11
3421 1
2522 139
2436 15
923 448
737 11
391 11
766 15
2799 11
179 11
973 11
927 444
849 575
171 11
2348 11
2781 11
3297 11
1849 11
1947 11
2672 11
20 11
2644 11
7389 11
1802 11
2073 1461
446 445
773 23
2079 11
1851 1016
748 11
1249 11
7557 0
2170 633
2734 11
1735 11
3010 1
7415 11
2636 11
255 11
2072 785
2376 11
2809 11
2972 11
3437 15
2895 11
2316 11
1169 11
49 11
3104 61
2519 11
1244 102
55 11
1417 11
662 11
934 11
739 11
2375 1
2253 11
2196 11
2655 11
2993 11
2875 204
1257 343
2852 11
3197 3197
7351 0
282 282
1408 23
625 2
2596 11
2558 11
1641 1240
1170 18
89 11
1084 2
7560 104
5446 13
2143 11
1450 28
945 11
3095 21
69 11
2706 11
868 18
350 11
3103 1
1094 958
1933 11
7558 415
1140 11
385 11
2600 57
2021 444
302 11
33 11
3428 246
1453 11
991 23
700 11
673 3058
3105 11
2873 11
234 2
323 313
1386 15
984 15
2476 11
2053 11
2022 28
584 569
2630 11
727 578
1238 441
3350 11
2556 11
233 15
3204 705
411 11
2622 11
2772 1
1211 23
2114 11
1155 11
2350 71
165 11
937 11
1740 11
468 425
613 11
632 11
476 476
7417 7483
206 206
3372 15
3357 11
1523 11
1002 11
1431 1431
876 11
207 11
7518 252
2586 1
2323 178
1467 1250
2171 11
783 1
3170 648
2547 11
2393 459
2920 1
1444 240
1566 11
638 11
2497 11
3269 11
489 11
502 23
482 11
2444 11
2790 11
157 11
565 11
3325 11
403 11
956 11
582 11
747 11
402 11
274 11
284 11
3337 11
178 11
449 11
2394 11
294 1
7448 0
1416 23
1577 11
1414 23
3448 15
1260 240
708 11
7063 7063
893 11
1191 11
185 11
3356 11
7479 7479
5660 5660
2680 303
2002 11
1034 11
7470 0
75 11
2011 668
2625 11
2264 11
1698 1698
2619 1
2361 11
2502 11
1358 1
2038 11
3161 61
2148 11
1795 11
1718 11
2696 76
2046 76
247 11
1782 11
1500 11
1909 11
13 13
663 11
241 11
1430 2
2050 28
213 218
1549 431
521 11
7333 7333
2269 254
763 218
1328 11
848 11
1655 129
837 15
1538 1
1163 97
2566 11
136 11
2818 11
2103 11
514 11
461 11
2322 123
1924 11
547 11
1610 11
384 384
405 356
143 11
660 11
3400 11
2244 11
2962 1
1908 11
3113 1
1183 756
41 11
2454 11
2086 18
2303 46
2129 1
2286 2286
7435 2
1481 409
7400 11
413 11
7310 104
7380 7420
1783 11
2923 11
652 374
7481 7481
2281 11
734 11
1019 11
1139 11
728 2615
7520 7520
3020 1
3152 11
398 11
219 11
2763 1
7361 0
1790 11
495 11
1436 240
313 313
1670 240
7548 7548
3390 15
1252 11
97 11
2457 11
1726 11
2267 46
1289 11
2003 11
2810 1
1182 705
7505 7483
683 11
1693 11
340 340
2717 11
2990 11
2827 1
7371 7413
2892 1
1102 11
3189 1
2724 792
1008 612
2750 1
3407 15
1533 13
2414 11
1944 340
7509 102
1344 221
1571 11
612 612
1886 1
7434 21
2591 11
1938 11
7528 6
2864 633
2485 11
322 215
792 792
376 11
2198 1
2413 374
2771 1
1373 11
610 11
791 11
3180 13
887 221
820 11
7547 7547
1509 11
125 11
227 11
757 11
2775 1
367 367
2372 11
3410 15
3315 1050
1640 11
3038 13
2933 11
2475 11
150 11
914 11
1531 46
711 11
7538 7538
3323 15
1205 15
7491 0
1587 11
895 11
2064 254
34 11
1024 762
5 11
774 11
2643 4
1207 374
7492 0
1161 11
266 11
1384 11
7388 957
2735 11
1927 11
28 11
2128 11
746 11
557 11
221 221
2278 46
96 15
316 11
1662 11
1224 11
602 11
2745 11
2657 206
1848 13
1009 11
7341 525
2563 11
1049 46
1853 11
2292 11
2181 1
1897 15
1204 7163
431 11
1266 282
2189 304
2957 11
2379 11
2670 11
1649 11
467 11
7490 0
3322 11
1012 57
3385 1
7396 7520
691 11
6736 6736
3142 1
1663 240
2100 239
1543 756
3169 11
2095 11
509 11
7487 0
781 11
639 11
990 11
859 11
2183 204
7198 7198
3031 11
6 11
894 11
5029 5029
7452 7452
3067 11
139 139
2225 692
3427 15
2115 4
1052 13
3213 11
645 3165
2953 11
2715 682
2337 11
7512 204
520 11
900 15
2752 1
603 11
3237 221
2310 11
111 11
1528 2359
7577 3
1767 11
1125 28
1062 1062
3294 11
866 102
965 13
1926 11
1757 11
2828 357
2553 11
2536 668
838 15
1035 11
1409 11
3066 11
1032 11
1177 18
7428 11
3244 11
2017 11
2714 11
1029 11
22 11
1810 13
1097 23
1749 11
2199 18
1162 11
420 11
117 11
2210 11
1975 11
1816 11
1739 11
3381 15
2250 11
3000 1
899 11
377 399
3144 13
2219 11
1800 18
123 11
2300 11
2855 633
1937 340
1916 2
3364 11
3001 38
865 11
1576 3
1359 11
3079 123
7541 7541
1287 11
7406 475
3258 11
3086 11
7407 0
1277 11
1820 11
3041 13
2975 218
1112 1112
2266 1368
447 169
7409 7520
1066 459
1255 28
7584 6
7359 0
124 11
1179 11
2010 263
131 11
1338 11
1621 11
1955 1955
2421 11
7500 7482
1038 11
62 11
2614 4
2743 1
1803 68
1280 11
2697 730
1792 11
970 11
2081 239
114 15
1985 566
31 11
129 23
3048 1
7397 204
486 410
7587 7587
309 11
7408 0
27 11
1103 239
3419 905
2583 324
2845 1
2386 1368
2707 1
2295 11
1712 212
7527 123
95 11
980 11
1154 11
7569 20
164 15
3399 15
841 11
952 1
3188 11
1146 204
756 756
654 11
1196 11
1056 11
1903 15
1317 11
7464 0
819 525
2995 11
1823 754
2725 1
2944 11
1711 11
2651 11
2573 448
2712 1
192 15
2980 11
7564 240
1076 11
829 415
68 68
1375 11
867 477
2344 11
7526 42
2634 11
690 147
1337 11
2353 11
1063 11
674 674
3230 11
2545 11
2753 11
412 11
1684 3774
7416 1037
148 11
1741 11
611 239
7352 0
330 11
3301 11
1763 11
193 11
2770 11
2525 11
7471 0
1983 11
1514 11
1777 11
3123 61
2611 11
709 709
2400 11
2092 102
2965 11
2941 1
2688 11
2449 11
1895 15
7273 15
295 11
344 344
3202 1
7390 3197
3028 11
2998 11
2653 11
2865 11
809 11
1330 11
3288 762
3266 431
2347 11
2272 68
1954 2359
718 11
3328 11
2245 2526
2065 1
357 357
1235 48
1879 15
2462 224
1400 11
3442 15
1074 15
1316 1
503 11
1965 4
285 38
7379 279
19 11
2338 1
1972 239
2259 2259
1594 15
1039 11
439 2
2762 11
1868 1050
3209 3165
564 11
801 11
2121 23
2490 11
2447 11
2931 11
7508 922
2954 11
3351 11
3222 11
1263 18
1294 11
2857 11
879 11
3162 798
364 374
2428 15
1858 246
1904 15
2156 11
3329 1
2629 11
962 11
1148 11
1599 15
1627 541
1811 11
2142 11
1020 11
546 11
2597 11
2947 1
1113 11
2031 28
802 97
3013 1
1356 11
267 11
2224 11
2217 1
2258 11
1624 258
1759 13
680 11
1281 571
1877 1
2986 11
3132 11
3231 11
40 11
1387 15
1838 3165
1831 1368
392 11
1486 1486
331 11
2466 11
1475 11
830 11
67 11
1262 541
3420 11
2821 11
2401 1
7578 265
2572 11
7353 0
618 618
7461 7461
2494 441
7443 701
248 11
103 11
2550 11
2846 1
994 578
2364 11
2575 11
7419 20
2325 11
1771 11
776 533
18 18
4721 1
2195 11
2380 11
501 11
269 15
390 11
831 430
1254 240
3343 11
651 13
1953 324
2415 15
1054 11
2014 11
2795 1
2925 11
522 11
2705 11
1780 11
1981 102
1309 11
1050 13
2074 11
7431 1
2650 11
7340 11
3211 1
2120 18
300 344
7530 7551
2704 11
1463 11
1537 1188
1130 18
1037 1037
634 11
1267 1
1374 11
90 11
2699 11
1554 15
3345 11
151 218
7521 1194
1219 23
911 566
1160 680
325 325
1526 11
633 410
2524 76
643 11
1980 11
2355 178
1064 11
2469 11
1137 11
3296 34
2713 1
7418 123
6257 6257
1290 11
1152 11
463 11
2747 1
699 18
2592 612
2276 1
2429 15
2897 1761
6958 6958
2023 324
2936 11
7536 7517
939 11
3271 1870
2398 11
5140 11
2506 11
2908 11
1808 2254
3429 15
1745 1293
2294 11
452 11
972 61
1425 11
3268 11
2970 11
1367 11
2433 499
491 11
84 11
2894 11
3033 11
2783 1
2496 11
1705 11
3403 11
3307 11
2580 11
7568 34
569 569
974 11
1833 11
2221 1037
860 18
967 11
2564 11
3261 11
946 11
3391 15
2122 11
1960 11
7445 11
73 11
2741 11
2769 11
2317 11
554 554
3304 11
3124 1
2555 426
3019 11
1724 1
380 11
1391 11
6434 6434
1988 668
1839 11
555 11
3077 61
3317 1
1875 11
3439 15
2365 11
91 2
1922 11
1498 204
963 147
953 15
3416 11
3277 218
1714 11
2687 1
3383 15
3153 11
480 344
1686 1686
191 11
287 11
1511 11
473 11
4910 7455
2903 11
2230 11
754 754
1939 11
7405 0
2822 11
1761 1761
7355 0
2420 15
540 11
296 11
1131 11
583 628
2719 11
2883 11
445 445
2363 206
1855 11
904 11
3398 15
1727 11
101 11
1329 1037
513 11
460 11
1180 11
7362 0
7489 0
2005 76
7454 0
3096 11
99 11
3003 97
1171 11
2516 239
1732 11
1298 11
1830 11
2243 13
1706 11
2044 342
1900 11
26 11
1570 11
1611 23
2036 11
6369 6369
7583 804
3221 11
3116 11
128 11
1188 1188
7451 7452
3214 1873
2345 11
3409 15
2284 13
4311 477
2732 11
346 11
743 11
2009 254
932 11
750 11
2631 11
1966 11
142 11
7469 0
1403 23
735 11
2608 11
1734 11
535 11
3426 15
172 11
1181 11
3335 1
1902 1902
2378 11
1626 1435
3344 11
846 23
3444 15
684 11
1058 633
225 11
1067 11
1053 11
1616 11
3088 1
3182 11
126 15
2928 11
2542 11
2130 409
3314 7412
1283 11
2744 1
1072 11
88 11
7426 97
1347 11
681 11
707 11
3049 11
2988 97
2956 11
2527 11
1036 11
3102 46
1473 11
1534 13
1010 4
70 11
373 11
905 905
803 11
1460 303
2777 11
2738 11
7502 7502
1950 7413
1198 11
1151 11
741 11
3194 11
2637 18
246 246
235 11
7410 743
3083 1
1517 11
2955 11
3054 13
755 754
53 11
2233 11
2343 3165
301 11
1755 11
3181 11
2733 252
1433 668
2816 11
1070 15
1889 11
5679 123
3205 342
898 416
2610 11
3232 11
1542 11
3352 11
3249 11
162 11
1986 11
3097 915
599 1188
1707 11
1442 18
2223 71
2443 11
426 426
3076 13
606 20
685 685
46 46
1910 2
653 246
1206 11
328 11
7524 11
2331 11
925 282
3369 11
1339 11
7335 15
2324 1
664 11
3027 1
2089 102
1819 13
1847 11
7503 82
2471 224
2589 283
768 11
1608 23
2755 11
2232 11
2094 11
1128 11
672 11
2971 218
2075 11
721 11
1318 11
2248 153
1396 15
7561 3774
118 11
6131 6131
2760 11
548 11
3047 13
1349 11
817 430
2812 11
897 15
7525 1
3011 11
1141 1141
1189 11
3233 1
935 11
2066 633
2603 11
419 11
8 11
7376 0
1677 612
2667 11
2889 11
98 15
220 18
259 11
455 11
2866 11
1679 11
2132 7517
671 11
1769 11
1142 1141
2024 11
1822 1
996 11
2133 11
2727 11
173 11
2666 1698
1555 11
7 11
2974 11
42 11
469 2
1997 11
1733 18
2872 11
261 218
2450 2
1946 11
7545 0
2544 11
944 11
982 11
198 11
378 374
1873 1873
1377 11
1814 178
2084 1462
262 11
1699 11
2150 11
1519 1
3360 11
3220 11
1696 11
764 11
2358 21
2037 511
1959 11
56 11
7334 7599
2867 204
2676 239
2222 827
1991 343
3039 13
279 11
1488 11
3402 1
2212 11
3397 15
1994 354
907 15
7462 0
591 11
273 11
3154 11
81 11
665 239
2008 7570
404 11
2159 11
796 11
1657 668
1455 28
2279 46
3242 11
417 11
1762 11
2991 11
989 23
2805 11
2342 1
1003 11
307 246
2061 359
670 11
7411 11
7559 0
3012 11
1237 240
3334 11
3239 11
1864 3265
1086 23
74 18
2288 13
2686 11
2917 204
1668 169
2231 11
527 527
2016 11
3362 15
650 11
108 11
343 343
1925 11
1888 11
226 11
3371 15
7465 0
1967 11
2582 11
789 628
1901 1
3172 11
1583 1
1395 11
1687 23
7474 0
1647 11
1001 11
3110 11
2617 359
2306 11
577 577
370 11
2161 11
2446 11
2059 359
761 15
1081 23
7604 7599
2491 11
3021 11
2452 11
2960 11
7522 338
433 11
7574 0
2197 221
2123 11
7597 7597
2056 359
335 11
886 11
7363 7363
2482 11
2844 1
2939 11
2602 28
1234 11
2902 11
1968 11
3063 46
1932 11
1501 11
1452 1452
324 1953
2690 18
3145 11
1047 11
318 11
170 11
2112 357
1880 11
2256 11
1685 11
2853 11
7354 0
926 11
1491 1
541 541
228 11
2664 28
2460 11
1186 11
2911 11
2308 11
874 11
7539 0
1850 11
329 11
3125 97
1529 13
1095 11
1209 11
1311 11
145 11
2067 1625
2315 1
1340 11
888 1
290 11
2246 11
1382 11
1368 11
740 11
534 11
2797 11
782 357
2370 11
371 11
7391 11
1540 11
2438 11
1303 11
1354 13
853 11
7161 15
2963 97
2387 11
3186 61
1867 1
3196 61
1346 11
775 441
1977 2
1860 11
2169 409
2691 48
2509 139
3026 1
208 11
3299 34
315 11
2681 11
2922 11
2367 1
1092 23
444 444
1715 1
875 11
1974 11
2977 11
2168 11
3374 15
7349 0
7544 7544
1057 11
352 15
1619 11
2030 514
847 23
726 726
47 11
1809 97
2754 1
568 11
507 11
918 11
2077 426
1754 11
2628 11
2784 1
1978 2
1247 102
1017 18
36 11
1678 11
2488 11
272 11
2517 239
1275 936
2140 11
7342 0
2158 957
2336 15
2204 11
510 11
2788 11
5392 97
201 11
7516 244
1837 11
3111 1
2537 11
1638 129
3436 15
2102 1
3480 3480
1153 11
3173 1
2033 344
1432 11
45 11
720 11
254 254
7517 7517
2104 507
1045 11
1629 7413
3306 11
576 576
7384 0
7378 7483
2669 275
3305 11
692 692
7399 0
7348 0
1335 2254
657 11
2160 18
1214 11
3412 11
7343 0
2441 11
1893 11
3342 11
7444 3
1656 102
2182 204
3060 13
656 23
1588 762
1226 23
2107 18
2982 11
2335 11
1200 11
1565 488
1272 15
2261 1
3353 15
7480 0
2585 28
619 129
2307 11
7566 11
889 11
2825 11
1607 2
2297 68
2177 1
2184 11
2880 11
804 11
832 15
2287 11
1109 11
2839 11
2151 11
3401 15
2574 11
2213 97
526 11
1229 252
3247 1
3168 11
5342 11
1919 11
2824 11
474 11
163 11
2499 11
713 129
7511 2
365 11
119 11
7368 0
2185 1
1861 11
1357 11
917 11
1480 18
2251 11
3388 1389
440 11
1291 516
839 11
954 11
7519 240
190 11
2761 11
992 11
749 23
2087 11
1671 7564
3327 3
2552 18
432 11
916 11
1506 11
1568 11
1424 11
1114 11
2874 11
861 11
3069 11
2539 11
116 11
1961 11
2228 18
2314 11
1805 46
2406 7481
7404 0
644 525
3324 415
3260 11
1385 15
1085 23
3130 61
2659 129
102 102
2453 11
4017 5660
1836 11
2274 254
7501 827
2561 11
297 11
3074 123
2205 7517
3139 1
2289 15
3219 11
1804 1
1646 102
2802 11
605 15
549 11
1596 15
1639 539
790 726
3167 1
2432 15
983 11
3363 1
7360 0
483 11
3250 11
7312 15
597 13
180 374
1100 11
1394 13
1892 218
1794 11
1319 11
3070 1
3160 3165
1799 1
1874 11
818 11
308 11
1516 11
181 11
2202 1134
2746 1
1208 15
562 11
7586 332
1026 957
3425 15
2039 575
7424 2
1364 68
2048 444
2900 11
1301 11
268 11
4888 4888
3040 11
2392 11
137 11
3289 11
2658 514
2726 11
2768 11
2948 11
1143 11
3430 15
563 11
3248 11
1713 11
2461 11
2076 239
2930 11
1392 1
1018 11
2673 15
488 488
678 303
1582 11
2594 11
245 11
2811 1
2254 2254
3318 11
2946 97
1236 11
310 11
3370 13
7588 827
2613 730
1445 11
7482 7482
3068 1
1483 1
338 338
1825 11
2718 46
496 415
2455 11
1178 11
706 11
1931 324
497 11
25 11
2698 11
200 2
2097 18
1402 2
218 218
1560 11
1743 11
1129 11
1593 15
1123 11
2113 1
2838 633
2302 11
1881 1
418 307
1866 68
1789 11
253 11
2999 1
3290 1
61 61
7414 7520
1265 448
3373 11
356 11
127 46
1042 11
1282 11
719 129
379 11
3447 15
2534 11
3279 1
590 590
1934 324
2090 1
696 11
2888 11
2711 11
1513 11
7575 3
998 23
1016 11
3119 13
2110 4
2193 258
2296 1
16 11
2108 1
3072 13
2480 472
2514 139
154 11
168 11
7328 731
2618 11
1333 11
1310 11
7383 0
1996 224
7338 0
1824 11
1948 11
1448 18
1073 374
1521 1078
745 71
2779 1
270 11
2125 11
3032 46
425 425
216 11
1617 212
1704 1704
3235 11
2529 11
345 11
2006 11
7529 1526
694 11
237 11
1390 15
7386 104
2465 11
977 11
2146 11
1669 11
2167 1
2216 11
243 18
6667 6667
2409 11
1697 11
1676 252
3004 1
3081 61
1420 11
1327 11
7601 7599
1376 11
2532 11
589 11
78 11
1752 11
2692 1704
1890 11
3024 68
2968 11
1370 11
1940 324
1334 11
7515 7515
3109 221
531 11
2638 11
2119 1
571 571
388 325
2305 1
1470 11
3185 11
524 11
532 11
2214 11
1553 11
2671 126
1999 1658
3075 13
3166 11
1004 11
508 11
196 11
2647 11
30 11
1465 11
2804 11
492 11
2062 359
1598 15
1675 343
7473 0
542 11
2633 15
1088 11
2535 239
1482 1
1440 11
2567 476
834 604
1510 11
2879 11
1059 11
2025 283
3014 11
769 2
1508 11
2200 18
2756 1
3175 206
1355 1
7398 3337
3298 1
1962 239
1499 11
336 11
6157 6157
1863 11
3034 11
1231 23
3431 15
1929 2
51 11
3053 18
1122 254
659 13
372 11
3005 11
462 11
1457 11
616 612
863 11
2890 11
1876 11
2515 139
2817 11
1862 13
3176 11
627 11
3082 11
2153 11
7599 7599
3241 13
3319 1
1383 11
1379 11
545 11
3404 15
1031 11
797 409
7439 169
2656 18
7466 7466
7163 7163
3206 11
396 11
1788 11
1412 23
538 726
2685 76
2057 359
2260 1
1778 11
7395 7520
471 11
2861 11
2904 1
1485 11
2220 11
7446 21
3108 11
5837 5837
1273 11
7475 0
7450 0
1689 18
1259 18
2032 343
443 11
217 11
1708 11
1680 342
1532 13
153 11
7595 123
3326 11
1834 11
1307 11
1071 416
2042 11
3127 11
1709 11
1079 23
317 11
7394 11
348 11
2994 11
2739 11
63 11
883 11
1586 11
86 15
381 11
1285 11
1620 18
1454 283
7460 0
3361 11
2068 11
2924 97
2201 11
2176 1
7468 7468
2919 11
1845 1
2332 754
54 2
1326 11
2131 1479
2354 206
1998 11
1427 11
2896 11
1567 11
677 11
7458 0
2937 11
697 11
3424 15
1028 1
3311 5
2468 11
1278 11
2139 11
617 11
2626 76
712 194
7447 762
465 374
1225 23
7537 0
2215 11
2411 7087
1631 1486
1958 239
1918 11
1989 730
2501 441
3128 11
816 97
2951 11
7486 0
289 11
733 11
3310 11
833 709
3091 15
2850 11
29 11
7347 0
2 11
1758 11
2620 254
1363 11
1872 11
3355 1
2661 11
3423 15
1215 23
2767 1
3270 11
873 102
1212 11
1930 252
6878 590
2906 11
1051 11
698 374
3089 13
1536 11
368 367
3071 11
135 11
881 46
2512 11
2595 18
1595 11
3263 459
1304 11
457 68
1911 11
3148 1
2426 15
2207 204
1415 11
1 11
752 11
826 11
6786 6786
2766 18
498 15
3117 97
2382 7420
2720 11
3332 1
2190 11
2565 11
533 533
1606 1
3346 11
399 399
987 23
244 11
490 11
2833 11
2333 11
1688 129
229 11
806 38
3101 1
2357 11
2007 102
7412 7412
2085 11
363 399
1645 239
2776 11
209 11
3354 11
1116 240
2543 575
3234 11
100 11
3255 11
1898 11
947 11
133 11
3368 11
505 11
407 6014
3236 11
751 11
1666 11
7327 4
3333 178
2721 682
1108 11
1717 11
798 204
2835 409
7523 338
2391 1
1080 23
2152 1
2257 11
251 11
1581 11
3414 1
6123 6123
327 344
2646 356
2389 11
1193 11
1644 11
778 778
2605 1
1156 11
1628 11
1601 11
1722 212
7485 0
7453 0
1250 1250
2749 11
890 11
2909 1
7494 0
6336 6336
2942 1
1321 11
52 11
642 11
1201 11
891 11
2869 11
4934 1
635 11
1126 930
2312 15
2383 1
2851 11
2587 343
1150 11
578 578
559 374
2327 123
753 11
2099 11
1885 1
770 11
560 374
1703 18
1563 11
85 11
2417 15
862 11
1405 11
2639 11
3208 11
3052 11
3347 11
2593 129
2976 11
1292 11
2117 1
215 11
823 206
58 11
397 11
3100 11
1426 11
1228 23
607 129
845 23
1136 11
450 11
3099 68
1490 11
7420 11
1882 11
109 11
2472 224
464 11
573 11
7421 7421
1471 39
2684 633
2493 11
64 15
1857 11
1957 508
3212 11
2878 11
7476 7476
2427 1
2831 11
3283 1
2179 11
10 11
7356 0
543 11
7592 7592
2458 11
2424 11
1832 11
1351 11
2368 1
732 11
3055 11
2187 11
1539 11
624 356
2396 11
2949 11
3165 3165
913 1141
1694 11
975 11
1264 129
2069 254
2174 204
7602 7599
1398 11
3375 1
941 11
140 11
2859 11
3445 15
7403 13
2881 1
2440 23
169 11
1736 11
3184 18
1742 1
236 11
326 11
566 11
2832 409
762 762
1770 11
1507 11
2504 1232
2035 324
1089 23
976 11
596 11
2814 1
82 11
2615 2615
1984 566
3118 1
787 11
1637 11
72 11
2096 11
1476 11
1172 46
1817 13
2649 667
1324 11
3207 525
7495 0
7440 731
1744 11
3126 61
1951 11
515 426
3217 61
1773 11
1731 11
2916 11
7329 0
160 1
3341 1
2437 15
2410 1
969 11
3389 11
3193 1
80 11
1135 18
1609 23
3240 15
1187 11
1564 18
3418 1
334 11
3035 2254
500 129
1369 11
1015 313
1920 129
2271 11
188 11
263 11
1764 11
1806 97
722 11
1308 11
427 11
3046 13
1600 11
2604 28
824 15
552 11
23 11
2045 514
1787 11
961 11
2674 11
2521 11
485 11
2794 1
1535 11
855 343
788 344
1545 11
1101 11
882 11
2194 11
648 648
2118 18
341 11
2435 15
3192 11
44 11
1462 1462
7589 444
3157 11
960 11
1451 11
1435 1435
1242 11
3017 11
7402 340
435 11
7488 0
2858 1
3395 15
2235 153
7449 7449
2660 1
7581 7551
2959 11
7459 0
2052 283
1248 11
453 453
92 11
3138 123
7531 5
2577 11
2463 340
43 11
2870 1
2124 11
523 11
3377 15
2929 11
3174 46
2352 1
2034 11
2860 11
424 11
353 11
7467 0
2842 11
406 11
382 11
1518 11
1912 11
2590 11
2240 11
1299 11
7582 23
2166 1
2806 1
1159 11
938 11
175 11
1993 11
1504 11
3195 1050
1342 11
551 11
2175 11
2063 11
3274 11
238 11
1270 11
15 15
7374 1462
1348 11
7375 201
2390 34
3291 11
134 11
2262 68
210 11
7429 5389
666 11
2997 11
852 539
3045 13
280 11
880 595
389 11
738 11
2492 11
704 11
2840 11
7551 21
516 516
658 11
1184 11
2969 71
1099 11
1753 204
2915 11
7497 0
626 11
224 224
693 11
1404 11
2285 11
1527 11
3417 11
2807 11
1479 1479
2473 11
580 11
2557 2
2820 1
2774 11
1107 11
3386 11
7438 2
2950 11
3411 11
1979 11
2434 15
2526 11
1971 169
2785 11
2648 11
2290 1368
1043 11
7594 21
2055 359
1573 1
1827 46
2562 239
714 11
7506 7483
7553 11
3262 11
854 11
1098 11
579 576
2899 11
2282 1
2371 11
2206 11
484 11
2927 1
1048 11
742 410
38 11
2891 11
1434 102
669 11
2304 97
3062 1
2105 11
2043 11
1852 11
271 11
844 11
2863 11
1623 11
1165 97
7430 7551
7339 0
2554 11
2341 11
1341 11
2340 11
1883 11
3276 15
1284 11
7369 104
2445 11
2082 476
723 618
561 11
995 11
2868 11
2263 11
1443 2
1636 11
35 15
2830 1
481 628
2679 97
7552 23
1544 1
7377 3
1397 246
2362 11
2012 1253
3147 11
1493 1
1362 11
3090 11
182 11
1796 11
2408 3337
1558 11
7321 15
1256 102
7554 97
2886 11
7510 528
354 240
649 11
1320 11
152 11
1976 2
2381 11
966 11
1659 4
912 11
57 18
1296 11
1760 204
7413 7413
1681 240
2054 11
1293 1293
2841 11
1087 11
17 11
896 11
1552 11
2418 11
2268 13
7346 0
1173 11
1941 2037
2901 11
2249 1
37 11
2576 18
959 18
7385 1902
2987 11
1725 11
7365 0
1407 11
2682 11
920 11
203 11
1835 11
2334 1
7364 0
298 11
795 11
3146 11
668 169
2813 11
3226 11
2229 11
1614 23
3245 1
478 11
472 11
3396 11
1923 1
1115 1115
434 11
981 11
230 374
2481 11
1842 11
1005 102
2934 11
805 11
3129 3
1580 11
451 11
1572 6369
3382 15
1865 11
256 11
299 11
7603 357
189 11
2996 1
161 11
777 11
1591 46
725 102
1826 11
1230 11
679 384
3438 15
2203 11
676 612
3227 3
933 11
1891 15
2141 11
588 11
1197 11
815 11
570 11
147 147
1217 23
6644 6644
3018 11
715 11
499 499
1969 11
1245 169
442 11
1667 575
1871 11
3999 3999
2623 11
919 282
924 11
416 416
1421 11
910 23
2792 11
2360 68
2958 97
1651 11
2299 11
1658 1658
2049 240
550 11
1468 11
2060 359
7590 2259
2693 18
9 11
7532 338
2399 218
2914 11
1023 11
197 11
202 11
948 685
120 11
1781 2526
1312 204
144 11
731 731
2277 13
2786 1
71 71
3042 1
2966 1
375 15
687 11
1650 240
3043 11
1158 357
2710 18
598 11
2154 11
1652 472
107 11
7401 11
3050 13
1840 11
7373 668
1223 23
2621 1686
3331 11
2847 11
2377 11
2609 11
794 11
997 23
2559 1
544 11
1541 11
121 633
1622 1142
1615 11
1487 11
1719 18
1505 204
1077 11
3272 1050
1132 11
2921 11
2162 11
2964 11
3023 1
553 11
3387 15
2898 1
3007 11
807 11
2239 11
184 11
204 204
835 15
7576 7520
1643 1232
7331 0
32 11
1524 11
1942 1
1982 11
506 11
1096 23
1633 11
525 525
760 760
2548 11
2932 11
2520 11
7504 958
3302 11
2722 682
2579 102
1854 68
1166 11
1406 23
3254 1
2495 23
1492 1313
2280 11
1603 11
1449 11
536 4
250 11
2984 38
1691 11
7493 0
3199 11
1653 224
39 11
3405 11
7427 1
3008 11
1786 11
76 76
3376 15
2459 11
2510 139
1222 11
252 252
1350 11
892 11
1418 23
793 793
872 18
1261 1
320 11
767 11
3432 15
529 11
3415 11
2505 239
1575 11
1439 169
339 11
1660 476
2627 224
1336 11
2080 11
1846 1
729 11
2236 11
2218 11
836 11
7463 0
3057 1
466 11
2442 11
212 11
2273 1
608 608
349 11
167 129
695 11
2144 1
1175 11
2047 344
759 11
1748 11
2632 1
7483 7483
2227 1
1721 11
158 11
3379 15
2349 11
901 11
2694 11
2270 46
1914 566
2848 1
2668 367
856 575
7533 7533
3087 11
194 736
2000 11
1843 11
2313 11
277 11
3312 11
3393 15
2665 11
885 11
2265 11
2843 11
2448 1
2912 11
1091 11
2683 11
383 11
2798 11
667 667
2730 57
921 608
2538 11
703 11
319 11
688 11
1145 11
800 71
2578 2
415 415
2849 204
2568 11
2329 11
3285 11
3136 123
2862 633
394 11
1772 11
5415 5415
2584 11
2645 11
1411 23
3321 11
3215 1
3238 11
1456 11
622 11
2155 11
1695 11
2412 11
878 11
1297 11
7600 7599
2242 11
922 922
3394 528
1014 444
106 11
2369 11
264 11
347 11
2321 11
1665 2
1286 11
6290 6290
2237 11
587 11
2981 11
2470 11
2523 11
2111 11
2403 11
408 11
3056 13
2423 13
2773 11
258 11
2973 11
1550 11
286 11
1779 11
2549 11
3292 1
1818 11
1899 11
1812 178
785 11
1928 444
2178 1
2884 204
772 23
1380 11
493 525
477 477
3150 61
7432 3
1828 68
2135 11
2723 11
2701 11
1672 240
1469 2
3253 1
1522 1
1240 1240
3106 11
2731 1
1138 11
3210 1
3140 1368
2083 11
786 282
187 11
2943 11
3064 1
1144 11
1949 7413
1632 11
530 11
2431 15
183 11
3264 11
1253 778
2823 1
1913 11
7126 7126
1497 11
3006 1
3163 1
2419 11
3155 11
2836 793
355 11
3143 1
3451 15
2989 1
311 11
3313 1
2700 1
3251 11
512 11
414 325
1389 1389
66 11
1069 11
3065 46
1078 1078
1990 102
156 11
7230 7230
1477 11
438 11
3284 11
1579 11
1963 18
942 11
7535 7483
850 11
305 11
3366 11
2164 409
1829 11
1361 11
1419 129
2736 11
7437 11
2978 194
1041 11
3252 11
2654 11
724 282
870 11
11 11
1738 11
3225 11
211 11
1584 527
1388 1902
459 11
986 11
1446 612
2456 11
2134 11
2641 792
494 11
7514 1062
1664 11
1315 793
3309 11
332 11
242 11
636 636
3030 1
7496 0
2029 28
629 11
1030 11
186 374
1905 15
3228 6336
1613 11
1127 11
1887 11
1661 1431
3107 11
1118 254
3282 11
985 11
1935 252
59 11
359 359
1110 11
814 68
1884 11
1332 153
2298 11
3257 11
908 23
2571 11
7381 0
2405 11
458 525
2385 11
2138 409
1785 11
1750 1
1033 11
1061 11
2757 11
278 11
1630 444
821 11
1119 275
2624 11
2326 11
615 11
1815 11
3093 61
1413 1
1515 97
2935 97
628 628
1730 11
623 11
2640 11
1438 240
456 2254
586 11
2695 1
7188 7188
1936 1232
736 194
366 11
1246 240
387 303
3265 3265
1202 15
3134 1
50 11
2541 11
3098 61
1325 11
2026 541
1751 11
1410 23
2467 11
3158 11
1232 1232
79 11
1345 13
2101 11
3449 15
2663 11
3016 97
3191 11
1856 1
1192 11
222 11
2078 11
1055 430
5533 7517
647 11
1559 705
7433 206
2793 1
360 11
239 239
1574 11
21 11
2518 139
3408 11
2416 15
3320 415
1474 239
1894 15
2635 2
3183 11
2703 11
592 11
3201 11
594 1
1295 11
470 23
813 11
2211 11
2359 979
958 798
2172 357
585 11
487 11
3177 11
915 915
1589 11
744 11
4 11
3275 11
717 23
3112 11
2513 239
1313 1313
437 11
2787 11
7330 0
1106 11
2952 1
1068 11
1496 1
851 11
3190 246
7392 38
423 11
1547 11
1013 674
1274 61
2918 11
1022 11
822 11
1729 11
24 11
1466 936
2662 1686
7580 680
2291 11
2709 11
949 11
3178 46
2328 11
3200 11
195 254
1690 254
968 71
2528 11
640 11
1213 23
1276 11
2642 239
1429 11
2071 541
572 11
3450 15
7579 1
2397 3
7484 7483
3367 1
2395 68
2186 204
1520 1
401 11
1702 11
3121 68
265 11
902 15
2612 303
7457 7457
3246 11
7387 23
1381 11
2885 304
2004 668
2677 11
3224 11
1134 1134
1765 97
3413 399
857 11
395 11
3358 762
2041 11
7357 0
3433 15
7422 7422
3243 11
1195 11
1801 46
2808 1
1700 126
275 275
362 11
7570 1452
1987 324
1279 11
1322 11
1956 1955
369 11
374 374
3443 15
2192 11
2531 11
113 11
2791 11
2992 11
1007 448
7507 1883
686 11
2588 48
936 936
581 11
2366 61
1220 23
2819 11
7393 104
3339 1
1642 11
2876 1
978 760
1821 11
3135 11
539 539
276 221
174 11
333 11
843 23
3059 1
7367 0
1612 11
3229 11
928 11
2283 13
149 11
827 11
3164 11
950 453
2893 11
993 11
3114 11
1592 11
7423 239
2478 23
702 11
2728 792
2040 575
7337 7337
518 11
3198 11
730 11
1995 11
5389 5389
1227 23
6921 104
7543 0
2311 97
1896 11
4057 11
1747 11
1428 11
7455 7455
7565 7517
2854 11
94 15
1756 11
3384 11
3051 13
2484 339
3044 11
1673 11
2088 18
7562 11
1512 673
7345 0
231 11
2209 11
1484 11
3281 11
138 11
6014 6014
1199 11
2940 11
7563 21
2801 1
940 11
2765 11
3330 1
1551 11
3440 15
2871 204
1674 28
3084 1
675 11
429 11
3085 61
2778 11
3029 68
1716 11
1133 11
1813 178
1597 15
2877 11
1271 11
2751 11
1147 1
1618 23
931 3774
1921 11
7477 0
7591 528
2979 2254
2815 11
1878 11
504 129
7366 0
1578 11
825 11
104 15
1556 431
2163 1
7456 7456
575 575
2887 11
1970 409
871 11
929 313
2430 15
314 28
2020 1115
1174 11
2498 1
3037 13
1399 11
3058 673
3156 1
132 11
3303 46
2926 1
2388 11
3378 11
155 11
2474 11
3137 11
3115 147
1117 28
291 11
517 11
2829 1
2106 18
1314 11
7542 0
567 11
321 11
1352 97
2226 11
7499 1701
436 11
2091 18
7442 11
2098 57
2581 313
1082 23
930 930
1945 340
601 11
1561 11
249 11
1000 11
342 342
2051 11
93 11
2598 11
771 23
2464 224
428 204
1859 11
1111 11
1723 357
2402 1
7382 0
2764 1
2247 18
1157 11
7372 11
2967 11
716 23
7513 7483
1305 11
2487 11
1682 169
1634 11
705 1016
842 11
1090 11
293 11
223 11
361 11
2486 11
2834 11
3308 46
2856 11
2616 359
780 571
232 11
3293 11
1371 11
2252 1
2507 139
112 11
979 979
7549 0
2758 18
205 11
2913 636
1360 11
600 554
3171 11
2301 11
884 13
7478 0
2208 410
1218 11
1323 123
1807 68
971 11
2451 11
1243 11
1268 212
105 11
2116 11
1006 240
2551 11
7573 7573
661 11
2961 18
1233 71
3300 1
7598 7598
7498 1112
2127 1
1569 11
1185 11
3025 11
1194 5
2234 71
2145 357
1546 11
214 11
1943 23
386 11
159 11
1167 11
1776 11
1692 1115
3406 15
799 11
141 11
2318 11
964 11
2188 11
1746 11
1915 11
2015 11
2136 1
710 11
1203 11
2780 1
14 11
60 11
595 595
87 11
1793 1
2479 11
1906 15
3223 11
864 254
1737 11
1251 343
1164 11
7540 21
2477 23
166 11
3348 11
903 11
410 410
2702 11
3422 1
1798 1
1437 11
1710 1
2374 11
409 409
1775 7517
3 11
2346 11
7550 23
1378 11
2737 1
2500 11
3349 1
7572 0
3092 11
2570 224
558 15
519 11
1306 18
511 511
400 374
2180 11
2759 11
2560 11
2384 11
828 325
3434 15
6317 6317
2425 11
3295 1
2606 254
2599 282
609 11
2546 23
2173 1
3218 11
808 218
77 11
2019 23
65 11
2907 1
988 11
7593 7593
1331 11
304 11
7344 0
1302 11
306 11
1025 11
2339 430
2729 11
2689 23
292 11
2708 11
2533 11
1060 11
1441 240
3120 15
2137 18
689 680
1040 11
2742 1
3267 11
1602 11
1964 129
1907 499
3286 11
637 11
2093 1
122 11
1502 11
1046 11
2018 11
2147 1
2001 11
1269 11
1625 1625
479 11
3256 1
2165 633
1343 11
1766 204
2126 11
1258 102
3015 46
2293 15
2503 11
1241 11
3073 13
7555 7555
2945 1
943 11
957 957
1774 11
1841 123
3080 11
240 76
1530 178
2540 1142
146 11
641 11
2826 1
448 448
1105 240
7436 762
7556 21
2027 212
422 129
2748 357
1083 11
115 11
441 441
6792 527
1353 1
1104 239
3036 13
614 577
7358 0
1870 1870
7336 11
3338 218
779 11
6166 6166
1525 11
177 11
283 11
1494 11
2255 11
1720 1
1124 11
1973 11
7325 15
3002 11
1701 668
2607 240
1021 212
1459 11
3340 415
