[1,0,[[2,2],[3,-2],[4,-1],[5,-2],[6,-2],[12,-2],[15,2],[16,1]]
[2,0,[[1,1],[3,-2],[5,-2],[6,-1],[9,-2],[10,-1],[15,2],[16,2]]
[3,0,[[1,-2],[2,-1],[4,2],[6,2],[7,1],[8,1]]
[4,0,[[1,-1],[3,1],[8,2]]
[5,0,[[1,-2],[2,-1],[7,1],[9,2],[14,1],[15,-2],[16,-2]]
[6,0,[[1,-2],[2,-2],[3,1],[7,2],[8,2],[9,-2],[11,2],[12,2],[13,-1],[16,-2]]
[7,0,[[3,2],[5,1],[6,1],[8,2],[11,2],[12,2],[13,1]]
[8,0,[[3,2],[4,1],[6,2],[7,1],[11,2],[12,2],[14,-1]]
[9,0,[[2,-1],[5,1],[6,-1],[10,2],[11,-1],[13,2],[15,-2]]
[10,0,[[2,-2],[9,1],[11,-2],[13,2],[15,-2]]
[11,0,[[6,2],[7,2],[8,1],[9,-2],[10,-1],[12,2],[13,-2],[15,-1],[16,-1]]
[12,0,[[1,-2],[6,2],[7,2],[8,2],[11,1],[14,-2],[15,-2],[16,-2]]
[13,0,[[6,-1],[7,1],[9,2],[10,1],[11,-1],[14,2],[15,-2],[16,-1]]
[14,0,[[5,1],[8,-2],[12,-1],[13,1],[16,-1]]
[15,0,[[1,2],[2,1],[5,-2],[9,-2],[10,-1],[11,-1],[12,-1],[13,-1],[16,2]]
[16,0,[[1,2],[2,2],[5,-2],[6,-1],[11,-2],[12,-1],[13,-2],[14,-1],[15,1]]